000000000400
000000000404
000000000882
000000001166
000000001244
000000001403
000000001453
000000001682
000000002114
000000002290
000000002453
000000002623
000000002690
000000002764
000000003320
000000003326
000000003832
000000003865
000000004129
000000004555
000000004834
000000004888
000000004903
000000004971
000000005237
000000005282
000000005324
000000005394
000000005601
000000005736
000000006004
000000006120
000000006146
000000006229
000000006306
000000006421
000000006491
000000006710
000000007023
000000007035
000000007050
000000007116
000000007455
000000007556
000000007653
000000008058
000000008345
000000008746
000000008920
000000008933
000000009057
000000009745
000000009767
000000009898
000000010058
000000010104
000000010318
000000010388
000000010405
000000010689
000000011158
000000011231
000000011658
000000011702
000000011775
000000011831
000000012386
000000012408
000000012574
000000012614
000000013031
000000013372
000000013420
000000014297
000000014338
000000014611
000000014845
000000016069
000000016166
000000016773
000000016857
000000016957
000000017305
000000017350
000000017520
000000017570
000000017586
000000017667
000000017708
000000017712
000000017756
000000018000
000000018136
000000018687
000000018771
000000018783
000000020104
000000020157
000000020395
000000021051
000000021378
000000021864
000000021889
000000022213
000000022667
000000022802
000000022926
000000023035
000000023173
000000023203
000000023301
000000023489
000000023548
000000023807
000000023811
000000023935
000000024215
000000024401
000000024430
000000024609
000000024921
000000025017
000000025034
000000025559
000000025685
000000025715
000000025748
000000026129
000000026162
000000026166
000000026430
000000026506
000000026647
000000027513
000000027662
000000027777
000000027787
000000027921
000000027980
000000028002
000000028127
000000028157
000000028378
000000028611
000000029146
000000029501
000000029602
000000030049
000000030205
000000030255
000000030448
000000030667
000000030731
000000031106
000000031324
000000031373
000000031481
000000031599
000000031747
000000032220
000000032688
000000032818
000000032880
000000032965
000000033489
000000033669
000000033697
000000033813
000000033974
000000034381
000000034464
000000035032
000000035240
000000035726
000000036237
000000036451
000000036728
000000037009
000000037074
000000037123
000000037677
000000038179
000000038662
000000038934
000000039113
000000039301
000000039359
000000039399
000000039438
000000039472
000000040138
000000040143
000000040325
000000040428
000000040515
000000040517
000000040593
000000040723
000000040783
000000040894
000000041199
000000041247
000000041434
000000041516
000000041603
000000041728
000000041756
000000041796
000000041924
000000041945
000000042341
000000042621
000000042683
000000043077
000000043133
000000043290
000000043347
000000043782
000000043933
000000043971
000000044309
000000044483
000000044814
000000044910
000000045314
000000045750
000000045994
000000046169
000000046754
000000046847
000000047087
000000047203
000000047526
000000047548
000000047992
000000048067
000000048165
000000048263
000000048381
000000048794
000000048797
000000049119
000000049123
000000049165
000000049175
000000049402
000000049602
000000049611
000000050518
000000050658
000000050952
000000050962
000000051200
000000051674
000000052305
000000052562
000000052644
000000052661
000000053108
000000053423
000000053641
000000053840
000000054141
000000054192
000000054233
000000054510
000000054607
000000054869
000000054962
000000055107
000000055126
000000055139
000000055206
000000055388
000000055484
000000055860
000000055868
000000055984
000000056145
000000056193
000000056416
000000056562
000000057676
000000057830
000000057901
000000058624
000000058997
000000059015
000000059034
000000059237
000000059282
000000059752
000000059776
000000060054
000000060319
000000060699
000000060814
000000061053
000000061084
000000061260
000000061338
000000061758
000000062296
000000062347
000000062844
000000062927
000000062929
000000063217
000000063240
000000063321
000000063397
000000063492
000000063894
000000064244
000000064446
000000064472
000000064497
000000064948
000000065301
000000065334
000000065375
000000065394
000000065755
000000065894
000000066234
000000066292
000000066316
000000066423
000000066667
000000067320
000000067344
000000067379
000000067580
000000067788
000000067802
000000067838
000000067849
000000067867
000000068117
000000068231
000000068375
000000068662
000000069043
000000069887
000000069946
000000069952
000000070255
000000070403
000000070602
000000070791
000000070804
000000070871
000000071434
000000071719
000000071724
000000071927
000000072024
000000072354
000000072519
000000072539
000000072546
000000072860
000000073496
000000073697
000000073727
000000073753
000000073826
000000073898
000000073976
000000074241
000000074280
000000074429
000000074499
000000075146
000000075243
000000075352
000000075373
000000075620
000000075906
000000075932
000000076107
000000076414
000000076627
000000076776
000000076847
000000077001
000000077067
000000077092
000000077184
000000077745
000000077912
000000077953
000000078762
000000078868
000000079077
000000079460
000000079517
000000079680
000000080073
000000080401
000000080895
000000081035
000000081357
000000081383
000000081587
000000081886
000000081894
000000082131
000000082201
000000082263
000000082576
000000082585
000000082622
000000082678
000000082679
000000082697
000000083045
000000083067
000000083176
000000083269
000000083561
000000084162
000000084221
000000084561
000000084724
000000084803
000000084887
000000084956
000000085112
000000085155
000000085252
000000085427
000000085482
000000085515
000000085568
000000085847
000000085888
000000085941
000000085960
000000087210
000000087378
000000087458
000000087554
000000087598
000000087685
000000088229
000000089132
000000089397
000000089582
000000090040
000000090359
000000090433
000000090448
000000090476
000000090676
000000090814
000000090864
000000090959
000000091190
000000091279
000000091371
000000091712
000000091912
000000092134
000000092136
000000092335
000000092585
000000092644
000000092658
000000093773
000000093971
000000094837
000000094877
000000095185
000000095203
000000095295
000000095506
000000096075
000000096076
000000096572
000000096716
000000097056
000000097078
000000097283
000000097431
000000097580
000000097595
000000097613
000000097747
000000097862
000000098048
000000098232
000000098345
000000098601
000000098612
000000098636
000000098859
000000099299
000000099519
000000099678
000000099728
000000099734
000000099961
000000100182
000000100234
000000100560
000000100811
000000101328
000000101435
000000101694
000000101713
000000101738
000000101906
000000101969
000000102190
000000102383
000000102432
000000102437
000000102466
000000102568
000000102604
000000102843
000000103276
000000103380
000000103581
000000103759
000000103775
000000103873
000000103897
000000104026
000000104221
000000104327
000000104629
000000104768
000000105150
000000105280
000000105432
000000105468
000000105590
000000105611
000000105884
000000105909
000000105952
000000106003
000000106275
000000106411
000000106755
000000106865
000000106952
000000107197
000000107216
000000107306
000000107331
000000107548
000000107979
000000108124
000000108221
000000108599
000000108677
000000108722
000000109050
000000109061
000000109521
000000109750
000000110423
000000110718
000000110758
000000110762
000000110809
000000110901
000000111259
000000111266
000000111492
000000111624
000000111649
000000111746
000000111867
000000111909
000000112240
000000112363
000000112608
000000112677
000000112800
000000112858
000000112995
000000113144
000000113152
000000113294
000000113326
000000113413
000000113593
000000113598
000000113860
000000114149
000000114540
000000114686
000000114732
000000114879
000000115328
000000116123
000000116196
000000116272
000000116819
000000116834
000000117119
000000117704
000000117765
000000117781
000000117935
000000118407
000000118581
000000119093
000000119379
000000119540
000000119594
000000120185
000000120248
000000120743
000000120806
000000120860
000000120874
000000121032
000000121188
000000121457
000000121651
000000121795
000000122064
000000122251
000000122267
000000122356
000000122411
000000122413
000000122511
000000122844
000000122923
000000122950
000000123453
000000123800
000000123824
000000124028
000000124394
000000124599
000000124747
000000125038
000000125120
000000125263
000000125314
000000125365
000000125485
000000125700
000000126204
000000126347
000000126732
000000126947
000000127279
000000127284
000000127612
000000127761
000000127839
000000127991
000000128027
000000128116
000000128421
000000128463
000000128631
000000128669
000000128918
000000128922
000000128972
000000129141
000000129142
000000129175
000000129254
000000129331
000000129539
000000129890
000000130287
000000130647
000000131493
000000131918
000000131919
000000131967
000000132102
000000132946
000000133196
000000133470
000000133611
000000133650
000000133660
000000133928
000000133964
000000134071
000000134503
000000134986
000000135045
000000135266
000000135292
000000135336
000000135620
000000135846
000000136323
000000136595
000000136596
000000137220
000000137271
000000137330
000000137362
000000138195
000000138518
000000139127
000000139150
000000139157
000000139440
000000139605
000000140020
000000140308
000000140426
000000140454
000000140500
000000140909
000000141302
000000141532
000000141576
000000141809
000000142466
000000142561
000000142786
000000142942
000000143188
000000143379
000000143594
000000143696
000000143974
000000144018
000000144058
000000144444
000000144608
000000144670
000000144717
000000144896
000000144944
000000145191
000000145549
000000145567
000000145747
000000145749
000000146049
000000146861
000000147082
000000147105
000000147576
000000147675
000000147921
000000147924
000000148077
000000148802
000000149017
000000149331
000000149431
000000149446
000000149592
000000149810
000000150161
000000150440
000000150989
000000151161
000000151807
000000152176
000000152269
000000152275
000000153140
000000153321
000000153350
000000153652
000000153847
000000154659
000000154880
000000155118
000000155763
000000155885
000000156102
000000156184
000000156532
000000156685
000000156701
000000156869
000000156889
000000156958
000000157371
000000157618
000000157804
000000157926
000000158182
000000158277
000000158326
000000159269
000000159402
000000159475
000000159656
000000159897
000000159979
000000160247
000000160307
000000160327
000000160402
000000160482
000000160501
000000160586
000000160626
000000160834
000000160848
000000160906
000000160927
000000160967
000000161814
000000161843
000000162077
000000162104
000000162237
000000162390
000000162937
000000163065
000000163525
000000163599
000000163929
000000164000
000000164310
000000164389
000000164428
000000164555
000000165365
000000165404
000000165463
000000165492
000000165574
000000165606
000000166067
000000166076
000000166179
000000166291
000000166408
000000166569
000000166585
000000166589
000000166751
000000166864
000000166972
000000166979
000000167074
000000167346
000000167456
000000167783
000000167843
000000167854
000000167956
000000167963
000000168563
000000168665
000000168848
000000169575
000000169607
000000169774
000000170069
000000170293
000000170512
000000171698
000000171932
000000172158
000000172196
000000172271
000000172369
000000172665
000000172784
000000172850
000000172995
000000173053
000000173109
000000173153
000000173373
000000173475
000000173595
000000173821
000000173870
000000174276
000000174410
000000174440
000000174527
000000174679
000000174747
000000174831
000000175136
000000175154
000000175256
000000175333
000000175469
000000175527
000000175633
000000176763
000000177069
000000177856
000000177954
000000178026
000000178175
000000178512
000000178658
000000178966
000000179229
000000179532
000000179869
000000180239
000000180354
000000180799
000000180888
000000180970
000000181322
000000181383
000000181562
000000181643
000000181661
000000181966
000000182005
000000182147
000000182541
000000182593
000000182728
000000183031
000000183327
000000183571
000000183921
000000183938
000000183953
000000183997
000000184201
000000184518
000000184606
000000184974
000000185233
000000185302
000000185394
000000185683
000000185915
000000186181
000000186218
000000186552
000000186684
000000186717
000000186799
000000186923
000000187036
000000187042
000000187200
000000187235
000000187784
000000187801
000000187869
000000188028
000000188087
000000188163
000000188229
000000189593
000000189741
000000189996
000000190018
000000190573
000000191138
000000191425
000000191546
000000191616
000000192494
000000193025
000000193380
000000193629
000000193808
000000193972
000000194013
000000194159
000000194438
000000194462
000000194707
000000194756
000000195437
000000195992
000000196061
000000196672
000000197071
000000197352
000000197613
000000197636
000000197678
000000197685
000000197812
000000197886
000000198022
000000198057
000000198247
000000198249
000000198929
000000198930
000000199125
000000199126
000000199157
000000199438
000000200089
000000200457
000000200643
000000200728
000000201003
000000201213
000000201519
000000201596
000000201607
000000201969
000000202037
000000202050
000000202070
000000202522
000000202652
000000202667
000000202762
000000203214
000000203236
000000203251
000000203521
000000203926
000000204423
000000204461
000000204657
000000204805
000000205035
000000205067
000000205243
000000205352
000000205443
000000205668
000000205670
000000205681
000000205720
000000205866
000000205981
000000205996
000000206394
000000206444
000000206806
000000207027
000000207172
000000207177
000000207770
000000207803
000000207805
000000207959
000000207995
000000207998
000000208107
000000208144
000000208215
000000208283
000000208433
000000208586
000000208782
000000208867
000000209089
000000209102
000000209106
000000209304
000000209555
000000209813
000000209919
000000210015
000000210149
000000210258
000000210804
000000210812
000000211336
000000211641
000000211853
000000211892
000000211919
000000211989
000000212122
000000212285
000000212635
000000212935
000000213356
000000213357
000000213381
000000213419
000000213537
000000213827
000000214252
000000214904
000000215024
000000215474
000000215806
000000215987
000000216006
000000216026
000000216244
000000216694
000000216695
000000216740
000000216766
000000217046
000000217304
000000217468
000000217496
000000218119
000000218268
000000218282
000000218774
000000218874
000000219216
000000219285
000000219462
000000219472
000000219820
000000219842
000000219848
000000220097
000000220215
000000220716
000000220763
000000220897
000000221012
000000221616
000000221785
000000221805
000000221948
000000222639
000000222755
000000223095
000000223496
000000223526
000000223545
000000223612
000000223684
000000223804
000000224037
000000224117
000000224187
000000224220
000000224508
000000224531
000000225281
000000225325
000000225730
000000225786
000000225787
000000225919
000000225989
000000226008
000000226034
000000226326
000000226460
000000226571
000000226631
000000226654
000000226913
000000226928
000000227073
000000227222
000000227242
000000228197
000000228320
000000228398
000000228519
000000228530
000000228784
000000228992
000000229014
000000229134
000000229295
000000229350
000000229522
000000229852
000000229969
000000230056
000000230171
000000230644
000000230739
000000230936
000000231034
000000231466
000000231644
000000231655
000000231835
000000231851
000000232516
000000232699
000000232849
000000232862
000000232889
000000233090
000000233210
000000233362
000000233994
000000234522
000000234600
000000234633
000000235069
000000235093
000000235131
000000235132
000000235152
000000235177
000000235471
000000235557
000000235791
000000235813
000000236354
000000237002
000000237091
000000237271
000000237367
000000237922
000000238004
000000238117
000000238196
000000238290
000000238748
000000238816
000000238831
000000238948
000000239241
000000239400
000000239455
000000239532
000000239575
000000239657
000000239866
000000239957
000000240112
000000240329
000000240762
000000240992
000000241457
000000241645
000000241758
000000242047
000000242529
000000243008
000000243017
000000243085
000000243694
000000243882
000000244659
000000244762
000000244908
000000244933
000000245145
000000245201
000000245221
000000246233
000000246311
000000246335
000000246376
000000246636
000000246782
000000246809
000000246940
000000247050
000000247306
000000247451
000000247999
000000248252
000000248270
000000248409
000000248797
000000248809
000000249200
000000249400
000000249482
000000249515
000000249666
000000249882
000000250106
000000250200
000000250227
000000250571
000000250592
000000250916
000000250966
000000251032
000000251124
000000251250
000000251277
000000251335
000000251427
000000251888
000000252160
000000252407
000000252894
000000253250
000000253281
000000253413
000000253417
000000253556
000000253805
000000253944
000000253975
000000254218
000000254629
000000254919
000000255115
000000255139
000000255317
000000255462
000000255877
000000255999
000000256215
000000256229
000000256544
000000256896
000000257076
000000257813
000000257860
000000258205
000000258264
000000258397
000000258635
000000258893
000000259136
000000259189
000000259249
000000259535
000000259556
000000259565
000000259717
000000259817
000000260034
000000260141
000000260639
000000260827
000000260955
000000260973
000000261251
000000261266
000000261323
000000261744
000000261870
000000261887
000000262171
000000262425
000000262509
000000262651
000000262861
000000262985
000000263002
000000263006
000000263176
000000263192
000000263651
000000263724
000000263858
000000263993
000000264043
000000264238
000000264555
000000264930
000000264944
000000265020
000000265234
000000265372
000000266228
000000266311
000000266353
000000266418
000000266579
000000266939
000000267363
000000267717
000000268081
000000268114
000000268356
000000268523
000000268642
000000268854
000000268941
000000269152
000000269213
000000269249
000000269538
000000269831
000000270163
000000270254
000000270683
000000270812
000000270947
000000271301
000000271363
000000271417
000000271469
000000271542
000000271576
000000271825
000000271987
000000272899
000000272924
000000273035
000000273119
000000273323
000000273602
000000273732
000000273878
000000273932
000000274068
000000274084
000000274126
000000274130
000000274216
000000274470
000000274640
000000274763
000000274869
000000275292
000000275372
000000275406
000000275450
000000275694
000000275881
000000275976
000000276254
000000276354
000000276664
000000276760
000000276763
000000277089
000000277227
000000277448
000000277518
000000277681
000000277865
000000277867
000000278321
000000278628
000000278662
000000278867
000000279147
000000279395
000000279733
000000279871
000000280160
000000280291
000000280293
000000280297
000000281021
000000281054
000000281330
000000281722
000000282143
000000282158
000000282206
000000282252
000000282427
000000282724
000000282903
000000282980
000000283101
000000283217
000000283263
000000283290
000000283454
000000284088
000000284152
000000284307
000000284362
000000284873
000000285096
000000285550
000000285660
000000285696
000000285710
000000285808
000000285841
000000286247
000000286899
000000286961
000000287136
000000287528
000000287601
000000287659
000000287663
000000288075
000000288114
000000288340
000000288642
000000288751
000000288825
000000289012
000000289248
000000289752
000000289781
000000289899
000000290034
000000290305
000000290331
000000290839
000000290979
000000291262
000000291478
000000291497
000000291672
000000291712
000000291725
000000291911
000000292123
000000292314
000000292554
000000292647
000000292689
000000292752
000000292822
000000293026
000000293081
000000293086
000000293153
000000293280
000000293366
000000293851
000000294034
000000294127
000000294231
000000294404
000000294635
000000294811
000000294933
000000295310
000000295321
000000295412
000000296014
000000296182
000000296277
000000296419
000000296851
000000296882
000000297009
000000297104
000000297277
000000297312
000000297462
000000297960
000000298050
000000298146
000000298318
000000298468
000000298747
000000298784
000000298793
000000298928
000000299492
000000299641
000000299959
000000300014
000000300179
000000300307
000000300887
000000301641
000000301708
000000302166
000000302343
000000302900
000000302960
000000303603
000000304052
000000304126
000000304314
000000304466
000000304999
000000305223
000000305227
000000305235
000000305545
000000305624
000000305778
000000305993
000000306049
000000306552
000000306925
000000306992
000000307158
000000307462
000000307825
000000308034
000000308463
000000308678
000000309000
000000309474
000000309517
000000309563
000000309573
000000309714
000000310085
000000310573
000000310671
000000310808
000000310906
000000311327
000000311691
000000312661
000000312790
000000312894
000000312926
000000312961
000000313218
000000313473
000000313480
000000313543
000000313556
000000313786
000000313802
000000313803
000000314064
000000314130
000000314426
000000314500
000000314613
000000314649
000000314681
000000314693
000000314893
000000315136
000000315165
000000315178
000000315303
000000315324
000000315423
000000315432
000000315555
000000315732
000000316003
000000316109
000000316258
000000316351
000000316415
000000316658
000000316759
000000316782
000000316928
000000316934
000000317131
000000317461
000000317765
000000317825
000000317934
000000318190
000000318670
000000318998
000000319070
000000319209
000000319494
000000319517
000000319830
000000320144
000000320217
000000320936
000000321013
000000321026
000000321066
000000321085
000000321163
000000321338
000000321422
000000321542
000000322059
000000322127
000000322194
000000322197
000000322324
000000322562
000000322698
000000323739
000000324412
000000324428
000000324669
000000324772
000000324785
000000324877
000000325265
000000325369
000000325596
000000325915
000000326217
000000326236
000000326311
000000326948
000000327005
000000327059
000000327155
000000327332
000000327450
000000327466
000000327616
000000327799
000000327805
000000328039
000000328181
000000328301
000000328352
000000328464
000000329055
000000329083
000000329276
000000329399
000000329421
000000330110
000000330253
000000330701
000000330727
000000330845
000000331057
000000331085
000000331140
000000331242
000000331455
000000331496
000000331594
000000331919
000000332007
000000332141
000000332734
000000332863
000000333335
000000333434
000000333951
000000334104
000000334277
000000334393
000000334469
000000334511
000000334517
000000334600
000000334742
000000334920
000000335101
000000335144
000000335181
000000335630
000000335692
000000335775
000000335833
000000335861
000000335955
000000336081
000000336234
000000336374
000000336489
000000336675
000000336783
000000337194
000000337342
000000337619
000000337728
000000337777
000000338120
000000338143
000000338189
000000338544
000000338607
000000339711
000000340222
000000340472
000000340935
000000341363
000000341409
000000341440
000000341612
000000341868
000000341892
000000342010
000000342271
000000342325
000000342334
000000342336
000000342757
000000342766
000000343183
000000343383
000000343752
000000343912
000000343942
000000343951
000000344388
000000344507
000000344736
000000344998
000000345009
000000345042
000000345216
000000345370
000000345434
000000345436
000000345507
000000345617
000000345823
000000345879
000000345944
000000345980
000000346266
000000346345
000000346377
000000346435
000000346450
000000346642
000000347153
000000347171
000000347319
000000347981
000000347986
000000348098
000000348140
000000348143
000000348186
000000348197
000000348496
000000348621
000000348680
000000348887
000000349129
000000349199
000000349775
000000349784
000000349787
000000349925
000000350000
000000350361
000000350694
000000350784
000000350852
000000351013
000000351126
000000351431
000000351809
000000351827
000000352063
000000352523
000000352535
000000352738
000000353017
000000353231
000000353866
000000354035
000000354235
000000354305
000000354744
000000354831
000000355092
000000355321
000000355537
000000355674
000000356007
000000356131
000000356483
000000356494
000000356622
000000356923
000000356953
000000357210
000000357762
000000357858
000000358088
000000358884
000000358903
000000359420
000000359471
000000359687
000000359791
000000359864
000000360125
000000360566
000000360767
000000361085
000000361256
000000361258
000000361275
000000361587
000000361939
000000362005
000000362092
000000362152
000000362213
000000362469
000000362591
000000363058
000000363137
000000363160
000000363845
000000364031
000000364491
000000364806
000000365129
000000365295
000000365600
000000365696
000000365948
000000366782
000000367125
000000367549
000000368116
000000368370
000000368602
000000368656
000000369268
000000369437
000000369446
000000369598
000000369697
000000369734
000000370337
000000370405
000000370466
000000370986
000000371176
000000371531
000000371595
000000371794
000000372020
000000372121
000000372558
000000373291
000000373487
000000374270
000000374337
000000374530
000000374725
000000375220
000000375440
000000375486
000000375531
000000375536
000000375665
000000375806
000000376283
000000376362
000000376368
000000376434
000000376701
000000376790
000000376937
000000377080
000000377326
000000377464
000000377510
000000377572
000000377999
000000378101
000000378538
000000379022
000000379085
000000379108
000000379159
000000379173
000000379232
000000379468
000000379567
000000379605
000000379733
000000380109
000000380499
000000380734
000000380834
000000381123
000000381128
000000381214
000000381275
000000381476
000000381547
000000381667
000000381721
000000381810
000000381948
000000381990
000000382080
000000382164
000000382466
000000382670
000000382683
000000382689
000000382706
000000382850
000000383014
000000383119
000000383513
000000383518
000000383527
000000383678
000000383752
000000383890
000000383972
000000384215
000000384679
000000384775
000000384910
000000385378
000000385586
000000385877
000000385885
000000385912
000000385929
000000386074
000000386119
000000386370
000000386389
000000386694
000000386803
000000386880
000000387173
000000387226
000000387286
000000387551
000000387731
000000387762
000000387809
000000387948
000000388117
000000388171
000000388500
000000388619
000000388726
000000388880
000000388922
000000389123
000000389171
000000389498
000000389704
000000390093
000000390298
000000390814
000000391225
000000391284
000000391333
000000391351
000000391367
000000391446
000000391596
000000391600
000000391651
000000391862
000000391926
000000392083
000000392145
000000392290
000000392758
000000393195
000000393438
000000393523
000000393630
000000393680
000000393840
000000394909
000000395193
000000395340
000000395551
000000395552
000000395598
000000395717
000000395749
000000395928
000000396143
000000396400
000000396420
000000397365
000000397431
000000397483
000000397648
000000397719
000000397746
000000397786
000000398200
000000398748
000000399152
000000399538
000000399605
000000399973
000000400275
000000400395
000000400431
000000400547
000000400851
000000400993
000000401963
000000402073
000000402097
000000402326
000000402855
000000402987
000000403255
000000403307
000000403830
000000403854
000000404004
000000404050
000000404236
000000404526
000000404612
000000404759
000000405078
000000405312
000000405632
000000405730
000000405823
000000406075
000000406250
000000406342
000000406938
000000407319
000000407589
000000407698
000000407821
000000408407
000000408426
000000408480
000000408624
000000408779
000000409163
000000409956
000000410305
000000410373
000000410589
000000410815
000000411015
000000411093
000000411289
000000411408
000000411441
000000411541
000000411987
000000412000
000000412519
000000412690
000000412848
000000412896
000000412914
000000413122
000000413160
000000413202
000000413320
000000413446
000000413574
000000413791
000000413811
000000413996
000000414216
000000414701
000000415523
000000415608
000000415798
000000416258
000000416266
000000416279
000000416968
000000417031
000000417204
000000417446
000000417610
000000417672
000000417763
000000417962
000000418034
000000418069
000000418325
000000418348
000000418653
000000418675
000000418700
000000418810
000000419056
000000419281
000000419309
000000419310
000000419757
000000420025
000000420479
000000420606
000000420791
000000420889
000000420912
000000420976
000000421315
000000421775
000000422130
000000422686
000000423008
000000423037
000000423039
000000423093
000000423161
000000423354
000000423668
000000423778
000000423906
000000423943
000000423951
000000423964
000000424222
000000424284
000000424385
000000424434
000000424623
000000424722
000000424940
000000425724
000000425746
000000425772
000000426007
000000426470
000000426915
000000426987
000000427111
000000427154
000000427679
000000428029
000000428403
000000428440
000000428691
000000428809
000000428856
000000428898
000000428912
000000429143
000000429902
000000429924
000000429974
000000430315
000000430345
000000430489
000000430501
000000431024
000000431510
000000431615
000000431986
000000431996
000000432247
000000432704
000000432763
000000432798
000000432914
000000432924
000000433163
000000433262
000000433398
000000433554
000000433683
000000433804
000000433826
000000433874
000000434078
000000434192
000000435012
000000435179
000000435308
000000435391
000000435665
000000435751
000000435990
000000436362
000000436571
000000436626
000000436636
000000436651
000000436717
000000436774
000000436871
000000436992
000000437034
000000437148
000000437184
000000437481
000000437494
000000437540
000000437660
000000437776
000000437970
000000437994
000000438024
000000438550
000000438580
000000438629
000000439053
000000439107
000000439251
000000439613
000000439614
000000439710
000000440036
000000440037
000000440074
000000440107
000000440147
000000440189
000000440439
000000440486
000000440940
000000441023
000000441327
000000441496
000000441884
000000442242
000000442286
000000442646
000000442732
000000442874
000000443133
000000443432
000000443650
000000443764
000000443835
000000443864
000000444483
000000444722
000000444757
000000445010
000000445211
000000445268
000000445879
000000446131
000000446628
000000447080
000000447228
000000447232
000000447253
000000447791
000000447927
000000447976
000000448013
000000448176
000000448253
000000448737
000000448812
000000448849
000000448893
000000449138
000000449302
000000449490
000000449508
000000450263
000000450509
000000450608
000000450620
000000450711
000000450724
000000450776
000000450832
000000451036
000000451154
000000451893
000000451985
000000452058
000000452070
000000452251
000000452439
000000452465
000000452470
000000452819
000000453289
000000453488
000000453561
000000453586
000000453643
000000453800
000000453819
000000454131
000000454610
000000454749
000000455040
000000455252
000000455459
000000455480
000000455508
000000455532
000000455588
000000455658
000000456245
000000456399
000000456446
000000456565
000000456792
000000456825
000000457035
000000457257
000000457693
000000457882
000000458008
000000458387
000000458596
000000458664
000000458866
000000459319
000000459475
000000459673
000000459763
000000459800
000000459835
000000459933
000000460030
000000460407
000000460728
000000461016
000000461183
000000461224
000000461404
000000461506
000000461884
000000462105
000000462640
000000462988
000000463120
000000463172
000000463284
000000463434
000000463600
000000463655
000000463785
000000463839
000000464075
000000464130
000000464257
000000464444
000000464923
000000464927
000000464956
000000465333
000000465416
000000465638
000000465744
000000466070
000000466093
000000466239
000000466259
000000466273
000000466390
000000466429
000000466447
000000466480
000000466484
000000466662
000000466713
000000466987
000000467032
000000467308
000000467540
000000467696
000000467766
000000468018
000000468043
000000468063
000000468354
000000468442
000000468713
000000468778
000000469282
000000469301
000000469618
000000469639
000000469977
000000470308
000000470354
000000470472
000000470624
000000470882
000000470885
000000471210
000000471375
000000471863
000000472088
000000472870
000000473052
000000473190
000000473415
000000473588
000000473695
000000473765
000000473879
000000473993
000000474180
000000474215
000000474396
000000474597
000000474720
000000474858
000000474862
000000475244
000000475370
000000475734
000000476230
000000476552
000000476735
000000477310
000000477563
000000478741
000000478823
000000479094
000000479103
000000479698
000000480005
000000480379
000000480657
000000480666
000000480787
000000480797
000000480960
000000481091
000000481137
000000481142
000000481267
000000481301
000000481654
000000482508
000000482912
000000482954
000000483011
000000483090
000000483305
000000483375
000000483424
000000483496
000000483875
000000483948
000000484002
000000484321
000000484386
000000484488
000000484551
000000484639
000000485129
000000485685
000000485696
000000485755
000000485785
000000485945
000000485994
000000486186
000000486328
000000486778
000000487566
000000487665
000000487806
000000487903
000000488789
000000489025
000000489267
000000489524
000000490347
000000490646
000000491490
000000491515
000000491554
000000491597
000000491733
000000491836
000000491857
000000491904
000000491992
000000492030
000000492067
000000492196
000000492214
000000492268
000000492444
000000492471
000000492492
000000492610
000000492754
000000492914
000000493102
000000493797
000000494089
000000494236
000000494591
000000494941
000000494986
000000495020
000000495064
000000495334
000000495433
000000495542
000000495872
000000495993
000000496039
000000496151
000000496342
000000496373
000000496485
000000496845
000000496943
000000496953
000000497327
000000497522
000000497633
000000498259
000000498529
000000498587
000000498633
000000498669
000000498679
000000498792
000000498796
000000498836
000000498971
000000499393
000000499584
000000499596
000000499639
000000499931
000000499985
000000500179
000000500267
000000500401
000000500664
000000500861
000000500940
000000500946
000000500973
000000501142
000000501189
000000501191
000000501358
000000501443
000000501493
000000501646
000000501694
000000501902
000000502152
000000502179
000000502362
000000502679
000000502680
000000502866
000000502884
000000502964
000000503074
000000503875
000000504143
000000504265
000000504304
000000504321
000000504673
000000504709
000000504894
000000504974
000000505039
000000505080
000000505092
000000505244
000000505461
000000505520
000000506500
000000506576
000000506653
000000506832
000000506942
000000507087
000000507535
000000507889
000000507996
000000508065
000000508208
000000508251
000000508678
000000510087
000000510147
000000510239
000000510252
000000510260
000000510293
000000510313
000000510519
000000510838
000000510857
000000510913
000000511056
000000511231
000000511299
000000511662
000000511784
000000512263
000000512501
000000512557
000000512764
000000513115
000000513199
000000513282
000000513507
000000513555
000000514127
000000514366
000000514628
000000514681
000000515066
000000515219
000000515315
000000515656
000000515758
000000515938
000000516264
000000516289
000000516365
000000516414
000000516535
000000516617
000000516727
000000516750
000000517370
000000517410
000000517425
000000517570
000000517946
000000518030
000000518298
000000518754
000000518866
000000518968
000000519027
000000519172
000000519186
000000519264
000000519703
000000519713
000000519853
000000519899
000000519945
000000520289
000000520471
000000520679
000000520743
000000520778
000000520976
000000521176
000000521203
000000521550
000000521943
000000521972
000000522079
000000522100
000000522106
000000522146
000000522269
000000522687
000000523468
000000523701
000000523754
000000523834
000000524069
000000524110
000000524613
000000524646
000000524981
000000525104
000000525162
000000525467
000000525555
000000525666
000000525700
000000525763
000000525927
000000526187
000000526288
000000526571
000000526601
000000526622
000000526648
000000526759
000000526762
000000526825
000000526957
000000527083
000000527098
000000527163
000000527173
000000527554
000000527562
000000528112
000000528452
000000529030
000000529083
000000529667
000000529774
000000529956
000000530211
000000530317
000000530390
000000530403
000000530766
000000530781
000000530786
000000530962
000000531151
000000531253
000000531662
000000532065
000000532256
000000532398
000000532668
000000533231
000000533553
000000533677
000000533810
000000533869
000000534038
000000534121
000000534189
000000534194
000000534213
000000534312
000000534443
000000534676
000000534679
000000535160
000000535165
000000535393
000000535604
000000536034
000000536158
000000536290
000000536368
000000536589
000000536808
000000536929
000000536964
000000537064
000000537066
000000537211
000000537479
000000537668
000000537910
000000537968
000000538343
000000538709
000000538947
000000539141
000000539317
000000539673
000000539705
000000539775
000000539838
000000540407
000000540486
000000540503
000000540943
000000541174
000000541536
000000542181
000000543060
000000543289
000000543310
000000543551
000000543612
000000544104
000000544294
000000544341
000000544396
000000544638
000000544738
000000544825
000000545053
000000545710
000000545924
000000546002
000000546651
000000546721
000000546877
000000547062
000000547083
000000547318
000000547369
000000548198
000000548323
000000548420
000000548965
000000549127
000000549581
000000549876
000000549928
000000550097
000000550113
000000550338
000000550532
000000550601
000000551015
000000551389
000000551510
000000551669
000000551692
000000551736
000000552318
000000552348
000000552364
000000553165
000000553370
000000554075
000000554333
000000554505
000000554518
000000554556
000000554668
000000554852
000000555037
000000555065
000000555346
000000555631
000000555684
000000555847
000000556205
000000556207
000000556369
000000556600
000000556709
000000556901
000000557308
000000557965
000000558013
000000558127
000000558365
000000558483
000000558600
000000558851
000000558924
000000559195
000000559417
000000559873
000000560173
000000560238
000000560613
000000560635
000000560713
000000561047
000000561101
000000561121
000000561251
000000561270
000000561551
000000561594
